734451580954374144
980112851136237568
1000019931086946304
735208525055315968
632421968133562368
691440624150347776
942861721092354048
624383063132012544
862504162968129536
781182176476692480
729274968738758656
588948534502404096
999431635634380800
974844388578742272
997956176031617024
428758877299806208
725961439331868672
999884598437871616
497949795575394304
725261901033971712
1000103718118813696
342498436379222016
855900851133341696
985446194451202048
860972486420996096
964725159196172288
1000217558223532032
867122058402893824
470817344050950144
867284171498860544
998064199718944768
442068233890033664
985827854329888768
491605601248342016
721561336743563264
603883423412588544
702728669658955776
744588710326161408
916686957491724288
903387556861992960
334768765898096640
768425854593294336
740509054799151104
951975738574516224
963815659522129920
870780473444577280
601461812440920064
997735137251069952
874460225850232832
794742320498061312
469254827486998528
873411856377769984
614969061889097728
999208227696975872
865811749050408960
869801059219079168
998003921610162176
858148422350393344
990064182974271488
433817321547493376
220680147408252928
996646333689688064
1000572747761717248
1000581260680462336
1000587540774117376
997672002603257856
875486317750939648
866475257811324928
733479359549128704
861090027650797568
856790385714900992
1000597565026525184
911076402693390336
329470785989140480
1000266227266248704
788555059620380672
603767403670757376
457782767720067072
872345688485388288
963917164933636096
998581219321298944
999187161335382016
703812883078799360
724370620992815104
732039256180142080
855273083865542656
991423974422654976
461393859679612928
378909768489824256
693500910944468992
736433698718773248
968942287986262016
470463832020480000
858036096813096960
720026671226355712
871901679581343744
1000917446166949888
737510263993061376
999436485273235456
875302725162897408
87026635932844032
995618262144770048
875219702212165632
708747279309291520
754958249123500032
857820893508915200
995564606921863168
997043768299716608
977986457774198784
858009051957678080
1000604151656632320
983524277943054336
467073602848550912
898619292596281344
845729166384013312
865656297960361984
1001190860127653888
715374555035684864
741786502224519168
865762517283155968
714623806307631104
963840809181208576
1001223995032707072
608781672221061120
998874154281738240
721667664375779328
729762999140720640
735697275413790720
830133119024742400
730105413621661696
964404316352118784
725193099080470528
724141193172205568
863121199679508480
594311880831483904
962547718889541632
606287974459600896
867530744103317504
332154162844278784
736280273561444352
972632432681836544
812463072747909120
581816260124258304
751713177049374720
438489609593155584
729191278436270080
864399104426545152
474039150668935168
996943699198181376
922507756307816448
859867457349869568
537088647038889984
830292616083013632
490976089233944576
727248114049720320
733477006032941056
714993128561508352
857549676717666304
502969122095624192
649885457722724352
831290687533207552
560906265740955648
1001596398862745600
995568189939597312
867548718637953024
869354610471641088
860012990307627008
653142852771057664
947192775982915584
731956456584232960
995455362624999424
1001665260572467200
463583374598991872
867474134337347584
864254207539167232
475422004812443648
1000584005051342848
959619819563720704
991167639445721088
873030331115151360
460373498276081664
743251295665799168
877482446453669888
992652033591148544
735697235861458944
826695917280296960
978037968050941952
995973335475556352
459900855471042560
476226771767783424
725751318752333824
1001931961230827520
733359122191339520
645454549422862336
860582791803424768
731657689511383040
997282475938299904
865375712759144448
891409900918513664
867798168748888064
354444626003996672
1001927805128581120
779779258217291776
1002005367901097984
474053917416615936
466786615113543680
963200686940905472
867975795380002816
865451745386598400
727375776999108608
918266686896300032
994456130183073792
870566491957960704
900979403113390080
728479142819012608
872009454273622016
470045327357898752
730554494475177984
744829850220679168
564179772816547840
1001752662527856640
468976431473356800
447063839620460544
1004452393066598400
1002231695237681152
863821702201712640
865283301076873216
596439270961508352
605172365298577408
973761989115756544
1002117997424766976
886354112323891200
870026651633905664
750456871923785728
988883812224483328
933207891769663488
658155402201997312
998319378535878656
845367470230462464
1002342257179226112
328531764739846144
95338372075503616
1002018695390117888
NULL
610259949448183808
468117795830231040
859634183247634432
612098918293016576
890044624138719232
732510684520243200
1002395174309437440
608841432744144896
1001170179620945920
984236286187745280
866511740110807040
760714739054960640
737369824010862592
994106705782824960
568727106175533056
723936929221009408
998792228233453568
599205685464461312
740240574820536320
997517578320814080
785993914657386496
1002612809533947904
740721965807132672
997254024845950976
605646071665856512
880559652537065472
854807134133653504
890712026538934272
1001034318485049344
454759775645724672
861790006866464768
836695777836392448
717850319911993344
720485288811515904
865084902335459328
752612561903706112
635885995572674560
866862956728721408
995931395392475136
995425541001949184
608558060222353408
895819999795720192
985732695227424768
976323224390742016
996610669132800000
996902527889186816
999453191391580160
861347686270513152
865415078382530560
863553935850475520
468830563080335360
737200041223204864
470410626879975424
969246507901804544
863815341736833024
1001656568712151040
997070453753561088
875631090591891456
879187798715154432
869058429162094592
735314643412738048
469020007624339456
846230741913300992
966203633941409792
974933517538746368
998410618078126080
975863759195459584
973653331774152704
1002008837521555456
920339508657266688
871405442025324544
748719071813545984
736666252206039040
736720822936432640
78618729344548864
871411119535861760
649018428392529920
878287158912598016
1003014417639047168
857056917758029824
856968220811341824
468528494410723328
774061467392692224
547333734309662720
458542776032686080
649662407790141440
479157902301458432
1003078503799152640
483740073171349504
873041592116805632
994699683173883904
754208102156484608
586307520247668736
843340443382059008
407761173136543744
809551758245351424
705974361458302976
997588251936395264
965754940180295680
729137067178749952
1003119937847693312
991180069705969664
813501145745072128
860556401645305856
735614680722227200
757827195988279296
1003176615414734848
1000870054398943232
607757217784979456
851887940463329280
654384970369933312
507713860451266560
873315003476951040
1003224254139273216
992087500657082368
997840490902999040
385468598220546048
879418902596382720
737713325173026816
738553086729269248
918522249974661120
668631403121930240
859909000387493888
658175377214083072
754760034285629440
977097600706883584
862553726479654912
850509639769501696
873236076280578048
850538448925356032
1003467084069711872
980713072056659968
875817419334193152
903115726138286080
867170476009582592
609431610579832832
838844963008684032
644964725398011904
873755944373534720
1003517492515454976
860668590389596160
843325261607997440
470595516581801984
612049690434805760
471111936268824576
228297280283734016
1003567731857502208
717866380036222976
862224734933340160
711437294082531328
994320422474715136
997035607006167040
863158700670607360
666838353764745216
687087002591494144
994670231198941184
851625114586939392
937815714457669632
740070498628714496
993614852759298048
869258987273662464
1003769474597621760
866381186308624384
856741115565551616
1003804170903703552
872204030540185600
1003809444498608128
646540962528882688
867121317172858880
603450793248493568
324342454440460288
980241008939552768
862206123632103424
646556530786918400
999194802484834304
1001150735955861504
867637366486134784
849432759062630400
912055162666237952
889373813303988224
991987569602682880
1002366105639342080
475040935898509312
752174843931303936
681621522967760896
851650216875626496
869080008084332544
841179902546907136
576244867350159360
1004086829919866880
733767263169175552
740379292080455680
1003878066885591040
964271587702677504
997000284083716096
861414438807388160
431070760488931328
871072753569161216
1004128668668502016
991834517780344832
735621606218514432
652284239793975296
991437668426854400
587120965851328512
833120204941811712
997693478056390656
862740404901093376
964642747745435648
706514828566544384
994839883233456128
445824382586056704
820805359546544128
741334433336082432
872178853156683776
857667944497418240
1000518986292969472
881667681546448896
1004191211768373248
756752401146486784
994392388904845312
988753974431981568
467500718383689728
997004824128323584
738617291742347264
722477561879265280
600820378964660224
563433821804781568
1004256948495216640
858800795716530176
653859924085940224
1004261372546408448
608175082589741056
439696881874890752
862382596896743424
739293049141776384
601870840216219648
81533003712839680
990201528768053248
1003468215453872128
962422594538467328
1003858007677063168
972342281258807296
998658232346423296
766903364524072960
1004429911752318976
1004398202692435968
85454510314897408
724838654513631232
446325955229642752
1004450676807688192
826728862955175936
729799681881812992
1004487223753924608
519277932494880768
462409554114637824
733194699879337984
